cucu_1 : 0.30881; -0.004474; 0.57255

cucu_2 : 0.32656; -0.021799; 0.67614
cucu_3 : 0.33517; -0.015906; 0.368

cucu_4 : 0.28726; -0.025225; 0.67283

cucu_5 : 0.32553; -0.032496; 0.37079

cucu_6 : 

cucu_7 : 